1
469
1 0
1 1 74
2 0
1 1 65
2 1 68
2 0
0 0
1 0
1 0
2 0
1 1 64
2 1 28
2 0
2 0
0 0
0 0
1 0
2 0
0 0
2 1 74
1 1 44
0 1 5
2 1 50
1 0
2 0
0 1 79
2 0
0 0
1 1 11
0 0
0 1 49
1 1 8
0 0
2 1 62
1 0
1 0
0 1 84
0 1 18
0 1 47
0 0
0 1 25
1 1 49
1 0
0 1 38
2 1 18
1 1 63
0 1 84
1 1 29
2 0
0 1 17
0 0
2 0
1 0
0 0
1 0
0 1 33
0 0
2 1 60
0 0
0 1 93
0 0
2 0
0 1 61
1 0
1 0
1 1 49
0 0
1 0
2 1 13
2 0
2 1 59
0 1 22
0 0
2 1 97
1 0
0 0
2 0
0 0
0 0
0 0
1 1 79
2 1 99
0 1 92
0 1 41
2 1 14
0 0
2 0
2 1 36
0 1 87
1 1 81
1 1 68
2 1 56
1 1 84
2 1 43
2 1 26
0 0
1 0
0 1 59
2 0
1 0
1 0
0 1 5
2 1 45
1 1 59
2 0
2 1 94
2 1 91
1 0
0 1 70
0 1 77
0 0
1 1 81
1 0
0 1 68
2 0
2 0
2 0
0 0
1 1 98
2 1 92
2 0
1 1 31
1 0
1 0
0 1 16
2 0
2 0
2 1 72
1 0
0 1 73
1 0
1 1 52
2 0
1 1 52
1 0
2 1 54
1 0
2 1 80
2 1 69
0 0
2 0
1 1 6
1 1 95
0 0
2 1 95
1 0
0 0
2 1 15
2 0
0 0
1 1 64
1 1 87
2 1 17
2 0
2 1 20
2 1 95
0 0
1 0
0 1 72
1 0
0 0
2 0
0 0
2 1 19
0 1 34
1 1 86
2 0
1 1 41
2 1 64
2 0
1 0
0 0
0 0
0 1 94
2 0
0 0
0 1 38
0 0
2 0
1 1 10
2 0
1 0
0 0
2 0
1 1 43
0 1 39
1 0
1 0
1 0
0 1 85
2 0
0 1 94
1 1 11
1 1 3
0 0
1 0
0 1 28
2 1 40
0 0
0 0
1 0
0 0
0 1 11
0 0
2 1 52
1 1 100
1 1 8
0 1 81
0 0
1 1 12
2 1 93
1 1 1
1 1 20
0 1 33
2 0
0 0
0 1 23
1 0
2 0
1 1 85
1 0
1 1 12
1 0
1 0
0 0
0 1 53
2 1 32
2 1 82
0 0
0 1 90
2 0
0 1 39
1 0
2 0
1 1 81
0 0
0 0
1 1 11
2 0
1 0
0 1 48
0 0
2 1 62
1 1 32
1 1 85
2 1 16
0 0
0 1 15
0 1 34
1 1 95
0 0
0 0
2 1 26
0 1 78
0 1 2
1 1 75
1 0
0 1 72
1 0
2 0
2 1 85
0 0
1 0
2 0
2 1 3
0 0
1 1 92
2 1 68
0 0
2 1 3
1 0
1 0
2 1 70
1 1 48
0 1 76
0 0
0 1 87
2 1 71
1 1 71
1 1 24
0 1 34
0 0
0 1 71
0 0
1 0
2 0
0 0
2 1 38
0 1 36
1 0
0 1 22
2 0
1 0
2 0
2 1 58
0 1 98
0 1 24
1 0
1 1 66
2 1 56
0 1 20
0 0
2 1 57
1 0
2 1 7
0 0
0 0
2 0
0 1 77
0 1 72
0 0
1 0
1 1 90
1 0
2 0
1 1 66
1 1 54
0 0
0 0
0 0
0 1 39
0 1 60
0 0
1 1 82
1 1 37
0 1 94
0 1 6
0 0
0 0
2 1 52
0 1 81
1 1 50
1 1 89
0 0
2 1 30
0 0
1 1 43
0 1 85
2 0
0 1 68
1 0
2 0
0 1 19
0 0
0 0
1 1 32
1 1 97
0 1 71
1 0
0 0
1 1 62
1 0
1 0
2 0
1 1 89
2 1 82
0 0
1 0
1 0
0 0
1 0
2 1 78
1 0
1 1 52
0 1 78
1 1 12
2 0
1 1 68
1 1 73
0 1 45
0 1 59
1 1 63
0 1 21
2 1 99
2 1 65
2 0
0 0
0 0
0 1 14
1 1 68
1 0
2 1 28
1 1 41
2 1 94
1 0
1 1 63
2 0
2 1 59
1 0
2 1 13
1 0
2 1 11
1 0
0 0
0 1 31
1 0
1 1 10
0 0
0 1 64
2 0
0 1 80
0 0
0 0
1 0
2 1 70
0 0
0 0
0 0
2 1 78
1 0
2 0
0 0
2 0
2 1 98
0 1 33
2 0
0 0
0 1 50
1 0
0 1 45
0 0
1 1 75
0 0
1 1 61
2 1 48
2 0
1 0
1 0
2 1 23
0 1 93
1 0
2 1 24
0 1 10
0 1 44
1 1 81
0 1 82
2 1 30
2 0
2 0
1 0
1 0
1 1 32
0 1 92
2 1 77
2 1 64
1 1 4
2 0
1 1 37
0 0
2 0
2 1 26
0 0
2 0
2 1 9
0 1 57
0 0
2 1 94
1 1 1
2 1 82
2 0
1 1 100
1 0
0 0
0 0
1 1 86
1 0
1 1 69
0 0
1 0
